1052 6420 0 500 4 15 91
13 4143 0 500 8 18 35
3212 4529 0 500 5 8 6
9208 8335 0 500 1 1 44
1787 8861 0 500 1 4 40
9282 1683 0 500 6 2 45
7422 894 0 500 6 14 49
5138 5848 0 500 6 26 9
5026 5358 0 500 5 25 10
5511 9394 0 500 1 11 62
3210 7627 0 500 4 12 93
110 2510 0 500 1 20 56
2856 610 0 500 6 19 62
573 5338 0 500 6 13 22
6285 704 0 500 5 29 39
3597 5084 0 500 5 14 52
1449 6488 0 500 6 29 18
3909 3062 0 500 7 15 90
9886 1803 0 500 5 10 60
9391 4016 0 500 5 24 6
2464 82 0 500 2 9 98
6875 1032 0 500 5 20 12
4659 8677 0 500 1 23 88
1257 5744 0 500 6 28 19
3600 7064 0 500 8 20 56
5482 5323 0 500 1 15 80
6470 5712 0 500 1 8 33
8088 1250 0 500 7 22 30
9384 9663 0 500 5 25 85
3321 4624 0 500 2 31 26
2965 1911 0 500 8 29 7
5767 6061 0 500 3 2 92
1047 4903 0 500 4 7 37
5579 1140 0 500 2 20 15
1823 5373 0 500 7 18 64
78 7913 0 500 3 16 13
4146 4478 0 500 3 12 58
5989 9602 0 500 7 11 12
9224 9552 0 500 2 3 53
472 2607 0 500 2 24 64
8599 7057 0 500 2 26 6
5147 5084 0 500 6 5 97
2077 4638 0 500 2 18 1
6034 5412 0 500 6 4 70
7128 4876 0 500 7 1 2
6741 1171 0 500 6 5 42
6265 6287 0 500 3 22 15
649 6585 0 500 4 17 2
1028 8402 0 500 2 3 62
4427 7806 0 500 4 12 50
248 3919 0 500 7 12 37
9773 9594 0 500 5 31 34
2078 3821 0 500 3 24 1
1433 2351 0 500 6 6 20
5404 8674 0 500 3 32 18
5100 1433 0 500 4 18 47
1815 3450 0 500 1 32 90
5458 648 0 500 1 18 22
5109 2088 0 500 2 18 3
7061 4758 0 500 1 31 23
5585 7205 0 500 3 2 41
9101 1108 0 500 5 7 95
7376 6439 0 500 7 2 87
700 362 0 500 8 25 26
6013 4889 0 500 8 29 29
1049 483 0 500 6 24 78
160 2749 0 500 2 16 66
7332 5980 0 500 6 13 58
8267 3470 0 500 5 31 21
6767 1669 0 500 2 21 69
8381 1195 0 500 6 12 66
5018 7724 0 500 3 11 10
2732 6328 0 500 3 3 59
7470 8175 0 500 8 4 33
1834 4605 0 500 7 10 90
2699 182 0 500 4 8 29
9913 2038 0 500 3 13 27
3572 8578 0 500 8 9 3
2449 8733 0 500 5 26 90
8191 9866 0 500 6 17 14
4449 7211 0 500 7 15 60
398 2860 0 500 6 28 29
5016 5955 0 500 6 29 46
314 3044 0 500 3 15 44
1647 5302 0 500 6 2 63
4724 7866 0 500 7 1 26
5419 8997 0 500 3 22 52
5704 3550 0 500 7 8 48
2496 1037 0 500 6 16 23
7405 6256 0 500 6 8 89
7978 4780 0 500 3 28 85
8638 1547 0 500 4 16 58
7894 4992 0 500 2 28 22
8416 1197 0 500 5 2 23
1813 4609 0 500 2 17 25
9969 3830 0 500 2 25 3
2396 7295 0 500 4 23 13
2261 2027 0 500 7 6 53
2473 4944 0 500 7 27 60
3681 9402 0 500 8 13 68
8208 5672 300 800 5 26 27
6174 2161 300 800 8 9 8
8057 867 300 800 3 17 93
7596 1952 300 800 8 23 8
5626 3652 300 800 5 14 28
1313 2201 300 800 6 30 45
9500 9720 300 800 6 10 86
6114 5874 300 800 7 32 18
1549 1781 300 800 4 30 80
4237 1667 300 800 5 8 51
780 7205 300 800 3 29 74
5002 8076 300 800 5 17 98
2963 6665 300 800 6 2 75
259 2242 300 800 7 16 67
2312 947 300 800 5 26 39
260 8405 300 800 7 26 17
202 5046 300 800 5 4 84
6082 5215 300 800 3 16 91
2073 5121 300 800 4 12 80
7063 8254 300 800 8 30 61
5500 7187 300 800 5 25 69
121 493 300 800 4 21 48
8616 961 300 800 6 16 60
4718 2456 300 800 6 30 4
5778 6160 300 800 5 1 24
7210 8070 300 800 4 31 9
7437 4647 300 800 7 1 87
9686 6698 300 800 6 28 27
3313 7163 300 800 1 5 42
2847 9569 300 800 7 18 23
1009 1388 300 800 3 25 1
3893 235 300 800 4 2 29
9509 4080 300 800 2 4 60
4036 6313 300 800 2 25 90
9392 6888 300 800 2 25 75
9660 1229 300 800 2 13 38
223 3385 300 800 1 3 75
3691 3813 300 800 3 31 86
9259 570 300 800 5 6 85
5900 3473 300 800 4 12 92
4164 2220 300 800 4 1 86
2534 8023 300 800 8 13 74
7906 8687 300 800 8 3 48
3159 536 300 800 3 17 1
7372 5314 300 800 3 25 33
3170 3119 300 800 1 7 2
5115 1948 300 800 1 5 96
9684 643 300 800 6 10 35
5176 4061 300 800 6 18 1
6996 8800 300 800 6 32 4
340 5423 300 800 5 24 8
8887 4547 300 800 1 28 59
5127 8904 300 800 3 29 2
5370 4853 300 800 5 25 9
9839 4032 300 800 4 29 86
8982 4759 300 800 2 22 63
1354 4448 300 800 3 21 50
1150 2402 300 800 6 28 22
4099 47 300 800 8 12 91
6908 8552 300 800 4 16 5
4578 5926 300 800 8 17 97
9033 1298 300 800 5 16 17
1028 9972 300 800 4 29 45
2341 1062 300 800 5 8 1
837 3250 300 800 2 18 41
527 6741 300 800 7 14 79
2225 5097 300 800 5 29 58
8608 9141 300 800 8 12 38
1112 5194 300 800 2 16 40
4218 5674 300 800 5 28 69
9646 6516 300 800 6 6 83
8417 3307 300 800 3 25 84
1990 8511 300 800 6 16 71
4083 8211 300 800 6 14 92
8277 3876 300 800 2 23 47
6575 7805 300 800 3 7 24
8510 7909 300 800 4 23 44
4990 9444 300 800 2 26 30
4840 9707 300 800 1 1 95
268 4353 300 800 4 19 81
151 7616 300 800 8 10 27
3834 6465 300 800 1 9 26
4956 1837 300 800 6 14 96
8368 752 300 800 3 28 49
9062 7259 300 800 1 8 17
3494 5376 300 800 4 3 65
1207 8909 300 800 1 8 17
9578 7646 300 800 8 17 14
7246 600 300 800 7 14 71
2856 4137 300 800 1 4 91
7395 5993 300 800 6 18 21
4832 2152 300 800 8 21 16
9173 9605 300 800 2 6 69
4842 9895 300 800 7 15 11
3435 8123 300 800 3 5 26
7489 6087 300 800 3 15 95
7334 1990 300 800 8 6 10
6863 654 300 800 4 24 98
4800 3763 300 800 2 7 40
9029 9677 300 800 2 31 24
2909 444 600 1100 7 20 10
4664 3808 600 1100 3 2 6
4894 4138 600 1100 4 12 98
5119 248 600 1100 4 28 37
1917 1826 600 1100 5 11 21
9620 2938 600 1100 2 7 55
7570 8534 600 1100 8 5 82
1730 2528 600 1100 1 27 47
5670 7430 600 1100 2 7 76
9383 1787 600 1100 8 19 5
815 2977 600 1100 3 15 5
8501 8047 600 1100 3 10 27
1143 926 600 1100 1 32 79
9038 4405 600 1100 4 32 20
3011 9944 600 1100 7 29 14
1841 8466 600 1100 1 8 61
4486 91 600 1100 7 17 59
3300 2723 600 1100 5 29 73
3004 4621 600 1100 2 32 45
5195 8439 600 1100 6 11 8
2538 6007 600 1100 4 28 71
9275 6820 600 1100 7 4 44
7461 1429 600 1100 5 4 77
7306 5736 600 1100 2 26 8
9614 9701 600 1100 3 17 23
6669 6408 600 1100 7 30 12
9561 3733 600 1100 6 9 77
8218 1984 600 1100 5 23 59
8162 5012 600 1100 2 16 38
3582 4116 600 1100 7 18 78
7657 2800 600 1100 4 7 46
1153 5904 600 1100 7 17 36
4369 8136 600 1100 1 25 73
9766 1866 600 1100 6 32 33
7952 8155 600 1100 6 23 17
667 9395 600 1100 7 20 33
7134 2129 600 1100 4 30 85
6047 3204 600 1100 5 27 32
8552 5563 600 1100 5 21 44
3013 6479 600 1100 6 30 75
3275 504 600 1100 8 23 4
7578 5690 600 1100 3 3 19
4575 688 600 1100 6 2 17
3404 8255 600 1100 1 13 63
1344 720 600 1100 5 26 26
6717 4160 600 1100 1 8 23
9902 3089 600 1100 5 24 17
5200 5901 600 1100 3 9 12
8421 3338 600 1100 5 30 50
5018 1482 600 1100 6 23 1
2978 9974 600 1100 7 27 38
5955 9464 600 1100 7 3 92
3060 6300 600 1100 5 11 50
5360 7547 600 1100 6 11 90
3601 4493 600 1100 3 12 50
5381 7275 600 1100 1 28 1
457 3673 600 1100 2 20 68
3938 1851 600 1100 5 17 31
1951 7402 600 1100 4 9 49
2436 155 600 1100 1 13 83
8670 6292 600 1100 7 21 3
925 9002 600 1100 3 4 24
8043 7933 600 1100 3 7 24
8137 5242 600 1100 8 12 98
9310 4464 600 1100 5 19 32
9124 5512 600 1100 3 13 29
5925 175 600 1100 2 18 3
6438 1050 600 1100 7 28 45
1404 6370 600 1100 8 28 86
9145 622 600 1100 8 5 86
8119 9240 600 1100 4 32 26
3781 8796 600 1100 3 12 68
1051 9816 600 1100 8 19 90
4003 9833 600 1100 2 27 3
6231 8675 600 1100 1 32 13
5900 8691 600 1100 3 7 68
7002 1785 600 1100 2 17 13
5007 3020 600 1100 5 32 75
4708 8889 600 1100 7 21 5
348 8413 600 1100 3 8 42
9541 2826 600 1100 1 2 19
7702 2593 600 1100 5 2 79
1880 9932 600 1100 2 8 37
8145 7837 600 1100 2 9 47
9875 9720 600 1100 5 13 28
9829 8631 600 1100 5 1 3
9980 348 600 1100 4 25 70
1710 4097 600 1100 7 31 73
3849 9606 600 1100 3 25 99
929 5629 600 1100 2 17 6
1531 4348 600 1100 6 6 27
1246 8818 600 1100 7 17 88
8696 6363 600 1100 7 27 20
101 7042 600 1100 8 21 61
9476 4170 600 1100 6 31 83
7743 2749 600 1100 2 27 57
8195 7743 600 1100 6 6 12
362 5670 600 1100 4 9 34
7476 6895 600 1100 6 5 16
1860 1504 600 1100 6 6 18
4734 7838 900 1400 2 22 76
2653 6605 900 1400 5 26 97
457 7936 900 1400 7 10 52
6552 7712 900 1400 7 32 46
3248 3241 900 1400 7 3 66
6847 398 900 1400 6 6 4
9050 2804 900 1400 1 6 76
6894 5209 900 1400 5 14 32
3982 1282 900 1400 5 10 24
9406 2004 900 1400 7 24 71
1989 3607 900 1400 7 32 16
134 8509 900 1400 2 11 92
8773 6741 900 1400 1 18 37
3151 6360 900 1400 3 6 51
4513 2068 900 1400 7 23 9
9833 2632 900 1400 2 19 77
5491 8762 900 1400 1 17 96
7123 5624 900 1400 8 9 12
1806 5636 900 1400 2 22 2
9686 6327 900 1400 7 16 33
7370 8138 900 1400 4 14 72
2945 371 900 1400 8 5 7
6294 3426 900 1400 7 21 99
3456 5919 900 1400 6 31 76
8630 5051 900 1400 6 24 49
9225 1980 900 1400 6 6 96
5148 4318 900 1400 8 23 34
2632 1212 900 1400 5 32 73
4030 2717 900 1400 1 8 62
7728 2571 900 1400 7 7 98
3632 8261 900 1400 2 4 20
8476 9062 900 1400 5 5 10
2771 7045 900 1400 6 13 42
9606 3059 900 1400 5 18 2
5543 4960 900 1400 3 8 70
5096 9629 900 1400 1 22 33
9263 8641 900 1400 8 6 37
1310 9631 900 1400 7 31 18
9210 5336 900 1400 5 7 44
9840 8244 900 1400 5 4 43
9712 2677 900 1400 7 29 5
9209 7693 900 1400 1 9 44
9157 7170 900 1400 5 10 86
752 5714 900 1400 1 13 25
2371 794 900 1400 1 12 17
6072 7293 900 1400 8 11 92
60 7809 900 1400 8 24 82
3203 4470 900 1400 6 31 81
5497 361 900 1400 4 9 30
2944 990 900 1400 4 8 89
5972 1828 900 1400 8 6 29
295 7225 900 1400 6 26 82
5564 5614 900 1400 4 15 84
1862 7381 900 1400 5 5 16
7437 725 900 1400 7 4 64
1327 5702 900 1400 7 2 55
7664 7804 900 1400 3 6 18
2329 3403 900 1400 6 26 68
1822 887 900 1400 7 5 26
2987 8326 900 1400 6 23 80
7646 7367 900 1400 4 14 48
5433 7766 900 1400 3 6 20
7921 91 900 1400 6 10 30
1171 9471 900 1400 2 15 54
959 1435 900 1400 3 20 14
3105 6672 900 1400 8 16 51
8459 3895 900 1400 4 5 11
8285 4615 900 1400 5 1 27
5980 4219 900 1400 8 30 17
5564 2633 900 1400 8 3 89
3849 3622 900 1400 2 28 28
8702 7441 900 1400 2 9 66
1071 5964 900 1400 7 26 100
4872 7862 900 1400 2 21 25
2707 9630 900 1400 6 19 90
4428 9051 900 1400 4 10 92
5291 9704 900 1400 8 4 35
8592 6221 900 1400 3 8 9
8144 298 900 1400 7 23 33
4976 332 900 1400 2 28 76
9263 8425 900 1400 4 13 71
3683 2786 900 1400 5 32 28
5741 531 900 1400 7 2 62
5623 1757 900 1400 5 17 66
6482 8617 900 1400 4 14 29
374 3328 900 1400 1 11 1
5567 2153 900 1400 2 22 51
9272 5499 900 1400 4 9 56
3298 701 900 1400 4 18 46
9476 8506 900 1400 5 28 29
4219 2290 900 1400 6 2 97
6299 2901 900 1400 3 30 31
3429 9813 900 1400 7 27 29
1473 8772 900 1400 7 7 57
4722 5675 900 1400 4 13 21
9250 3778 900 1400 2 15 20
5626 4442 900 1400 6 2 51
2958 1792 900 1400 4 27 74
6253 2525 900 1400 7 31 10
1225 3510 900 1400 4 19 6
4030 3853 1200 1700 7 2 36
965 9575 1200 1700 4 13 2
112 6276 1200 1700 5 24 52
6959 4209 1200 1700 7 25 67
3580 8681 1200 1700 3 13 47
3006 9245 1200 1700 1 13 30
890 7102 1200 1700 8 25 60
9784 2419 1200 1700 8 15 12
2383 130 1200 1700 8 24 2
865 1244 1200 1700 8 32 62
6149 6629 1200 1700 7 3 33
358 983 1200 1700 8 11 30
9942 3961 1200 1700 1 30 13
2570 9620 1200 1700 6 19 82
5725 7900 1200 1700 2 19 42
7727 4635 1200 1700 3 32 37
5114 911 1200 1700 7 25 97
1564 9961 1200 1700 1 4 20
5916 2477 1200 1700 1 5 91
3610 5708 1200 1700 6 1 67
729 9808 1200 1700 6 16 18
4042 706 1200 1700 2 28 50
7063 6947 1200 1700 4 8 57
958 5528 1200 1700 5 23 65
9687 5260 1200 1700 5 28 51
531 3730 1200 1700 5 19 68
147 8991 1200 1700 5 7 34
7183 5017 1200 1700 1 18 21
2000 1341 1200 1700 6 32 27
460 6274 1200 1700 7 30 28
5017 2037 1200 1700 7 3 18
4463 2801 1200 1700 7 15 4
9798 8923 1200 1700 2 15 89
8087 4510 1200 1700 6 24 75
9979 6947 1200 1700 5 21 46
1879 3911 1200 1700 8 15 30
5765 7320 1200 1700 7 21 91
4865 9747 1200 1700 3 26 30
9555 3435 1200 1700 2 24 89
7798 6112 1200 1700 5 12 22
9384 6231 1200 1700 4 21 52
6106 919 1200 1700 6 9 99
9301 4852 1200 1700 1 10 45
4449 5686 1200 1700 2 21 100
9933 6982 1200 1700 6 13 22
9754 8123 1200 1700 3 12 41
6477 4889 1200 1700 5 23 68
1405 3830 1200 1700 8 15 48
8831 1380 1200 1700 8 18 39
5122 8129 1200 1700 1 6 43
7880 1604 1200 1700 7 1 68
5323 8077 1200 1700 2 17 45
6501 8684 1200 1700 4 12 81
1384 8963 1200 1700 4 17 30
6591 1726 1200 1700 4 31 59
3628 3171 1200 1700 1 15 17
1891 846 1200 1700 6 4 99
5780 9582 1200 1700 7 16 78
2930 9632 1200 1700 7 4 60
5181 7223 1200 1700 5 6 47
3806 590 1200 1700 8 32 99
4285 1250 1200 1700 4 8 5
1334 7406 1200 1700 2 27 63
9047 5242 1200 1700 3 29 31
772 7468 1200 1700 8 28 19
2979 770 1200 1700 7 8 91
5125 8754 1200 1700 5 29 73
6345 3493 1200 1700 6 29 43
2961 1700 1200 1700 1 19 67
4192 1654 1200 1700 6 26 42
6782 1220 1200 1700 4 25 53
2974 6152 1200 1700 2 32 20
4017 5820 1200 1700 8 13 57
7175 1291 1200 1700 1 20 9
3105 447 1200 1700 2 29 19
4706 1961 1200 1700 8 18 29
7422 6497 1200 1700 4 2 72
7545 5095 1200 1700 6 26 1
2386 2312 1200 1700 2 31 41
5483 6685 1200 1700 4 7 8
8098 8012 1200 1700 5 31 38
236 265 1200 1700 2 25 36
2714 7291 1200 1700 1 26 57
2924 8303 1200 1700 6 27 38
198 4692 1200 1700 7 5 49
935 2640 1200 1700 5 26 49
5729 1254 1200 1700 5 32 66
8513 2524 1200 1700 7 6 5
9439 7243 1200 1700 6 28 39
1005 5052 1200 1700 2 24 74
2709 7866 1200 1700 2 14 35
5979 7202 1200 1700 6 31 68
7507 7330 1200 1700 5 15 63
1609 9020 1200 1700 1 31 48
8036 6431 1200 1700 8 29 18
6019 5802 1200 1700 5 26 39
6797 1139 1200 1700 7 32 6
8440 8845 1200 1700 2 12 85
1393 4433 1200 1700 4 29 5
8278 684 1200 1700 4 23 70
1182 1105 1500 2000 1 29 83
80 1555 1500 2000 5 30 61
9000 7432 1500 2000 6 4 26
112 6575 1500 2000 2 20 55
3216 6737 1500 2000 3 24 70
1007 3474 1500 2000 1 20 25
7839 9690 1500 2000 7 1 70
6507 2235 1500 2000 4 9 83
100 7110 1500 2000 5 20 86
8078 9528 1500 2000 7 20 56
2050 4156 1500 2000 7 19 40
7020 2000 1500 2000 2 12 6
4344 825 1500 2000 3 2 63
5160 4808 1500 2000 3 14 13
1012 4204 1500 2000 2 25 11
1302 6197 1500 2000 1 26 72
542 6072 1500 2000 3 22 4
5882 4576 1500 2000 8 21 49
5848 308 1500 2000 5 14 77
5399 9413 1500 2000 7 4 82
3696 2393 1500 2000 3 27 9
8433 2973 1500 2000 4 4 70
5142 2596 1500 2000 3 2 88
3474 9504 1500 2000 5 5 37
3439 8721 1500 2000 3 27 49
1869 6217 1500 2000 5 24 95
7214 4967 1500 2000 3 22 58
3478 6345 1500 2000 4 18 11
2038 4310 1500 2000 4 24 18
2406 9658 1500 2000 7 12 27
4573 8408 1500 2000 5 14 88
7248 7317 1500 2000 6 14 21
112 3935 1500 2000 1 24 88
4489 6222 1500 2000 6 16 10
5565 8294 1500 2000 5 15 63
4389 8046 1500 2000 1 17 19
6333 5264 1500 2000 7 22 41
9261 1736 1500 2000 4 31 26
9084 4233 1500 2000 7 24 40
1570 2430 1500 2000 4 9 65
5489 2173 1500 2000 3 18 34
7831 7344 1500 2000 5 26 91
1206 8243 1500 2000 6 9 11
6313 6060 1500 2000 7 9 86
4529 1384 1500 2000 3 13 82
4598 8636 1500 2000 6 17 82
8518 3190 1500 2000 3 4 11
4019 8739 1500 2000 1 4 46
6574 5952 1500 2000 5 28 91
6551 6920 1500 2000 3 20 52
4912 2236 1500 2000 5 25 13
5486 2125 1500 2000 2 10 58
5361 7853 1500 2000 3 22 38
2273 3254 1500 2000 1 8 61
3843 5755 1500 2000 3 19 24
5813 2035 1500 2000 4 20 33
3603 8447 1500 2000 8 5 6
5813 5490 1500 2000 7 18 52
5541 9964 1500 2000 8 6 33
7587 9677 1500 2000 1 13 87
5315 8199 1500 2000 6 9 6
8948 4921 1500 2000 6 31 48
4156 5917 1500 2000 3 13 58
1919 5743 1500 2000 5 20 22
9770 5964 1500 2000 5 17 16
7933 2994 1500 2000 4 22 71
6559 2295 1500 2000 5 26 63
4897 3435 1500 2000 7 19 43
4067 6525 1500 2000 3 24 57
5431 5251 1500 2000 2 7 70
9990 2040 1500 2000 6 7 40
6103 5501 1500 2000 8 21 62
7686 1321 1500 2000 1 23 29
1520 7209 1500 2000 1 2 80
37 6284 1500 2000 7 22 29
1973 4998 1500 2000 1 18 37
1051 7574 1500 2000 2 23 26
8259 738 1500 2000 1 15 49
7705 1663 1500 2000 3 14 76
2680 4407 1500 2000 5 6 67
2659 9733 1500 2000 3 14 6
9538 3556 1500 2000 6 2 99
3945 7435 1500 2000 8 4 91
2081 2583 1500 2000 2 12 58
2791 8973 1500 2000 3 12 21
6949 7982 1500 2000 8 28 8
3247 8235 1500 2000 3 20 89
8074 1893 1500 2000 7 9 73
3927 6524 1500 2000 2 1 56
1686 2975 1500 2000 2 11 6
2960 6543 1500 2000 7 3 28
6213 7213 1500 2000 7 3 100
2639 3786 1500 2000 1 27 27
9927 1113 1500 2000 2 21 4
8960 9691 1500 2000 8 23 70
9033 6905 1500 2000 8 25 59
2274 4295 1500 2000 1 11 80
2259 2800 1500 2000 4 12 77
1398 3260 1500 2000 3 1 81
2736 8796 1500 2000 8 12 63
2251 3146 1800 2300 2 11 67
6765 7773 1800 2300 6 21 99
401 1521 1800 2300 3 28 9
770 8758 1800 2300 6 8 74
9890 2622 1800 2300 1 29 52
4648 8817 1800 2300 3 3 35
6319 8439 1800 2300 8 4 90
8733 8772 1800 2300 5 17 41
7756 5419 1800 2300 4 23 71
6492 3486 1800 2300 7 15 12
613 533 1800 2300 7 22 61
488 2158 1800 2300 4 27 18
6574 6805 1800 2300 3 32 14
2596 7397 1800 2300 7 17 72
39 1287 1800 2300 8 19 59
890 6884 1800 2300 3 27 41
9210 6877 1800 2300 2 28 56
4809 9947 1800 2300 1 22 18
689 3844 1800 2300 7 18 24
6822 6005 1800 2300 5 1 64
1543 3097 1800 2300 4 1 25
7302 3334 1800 2300 5 4 24
5605 249 1800 2300 2 16 19
2166 5899 1800 2300 8 26 34
2229 8600 1800 2300 5 5 53
441 6383 1800 2300 6 15 87
4049 1254 1800 2300 6 29 29
940 958 1800 2300 4 32 9
1059 3214 1800 2300 1 22 76
7597 4395 1800 2300 6 1 41
2324 6584 1800 2300 6 29 74
4470 4350 1800 2300 2 19 55
1389 6497 1800 2300 3 17 20
3927 1049 1800 2300 1 31 2
7322 4512 1800 2300 1 8 68
9931 3701 1800 2300 7 10 59
673 3355 1800 2300 1 28 93
9114 5019 1800 2300 6 9 99
7356 68 1800 2300 7 13 56
5891 9431 1800 2300 3 7 59
5313 6432 1800 2300 1 4 90
2171 3299 1800 2300 2 27 73
5030 5111 1800 2300 3 23 62
1666 6062 1800 2300 7 11 11
5238 2086 1800 2300 4 14 55
2021 2103 1800 2300 3 14 61
6861 2169 1800 2300 5 18 26
1229 1322 1800 2300 7 31 29
2727 7345 1800 2300 2 24 48
917 8394 1800 2300 4 22 67
1740 7399 1800 2300 8 3 91
6355 5049 1800 2300 8 26 81
2712 9270 1800 2300 1 8 76
5192 1493 1800 2300 7 16 5
5547 3611 1800 2300 5 22 72
3801 5106 1800 2300 3 24 2
918 9330 1800 2300 7 29 36
2272 7615 1800 2300 8 7 80
2788 2290 1800 2300 3 4 12
8210 6899 1800 2300 7 7 66
9972 9159 1800 2300 5 32 41
5556 905 1800 2300 2 10 48
8622 1569 1800 2300 7 15 27
6469 3202 1800 2300 6 3 74
9646 3604 1800 2300 4 13 51
6658 2439 1800 2300 2 28 3
4789 2033 1800 2300 2 26 74
1245 9981 1800 2300 3 29 74
9428 7554 1800 2300 1 14 100
6600 839 1800 2300 2 8 94
5193 2747 1800 2300 6 17 5
8033 8124 1800 2300 7 18 99
8091 8389 1800 2300 3 1 61
796 7294 1800 2300 7 11 59
9734 3483 1800 2300 5 10 33
7755 5066 1800 2300 5 6 15
6637 707 1800 2300 1 1 91
7944 8373 1800 2300 8 28 14
9493 9487 1800 2300 8 17 64
8795 5500 1800 2300 6 30 34
5644 7867 1800 2300 6 12 29
1671 5083 1800 2300 1 23 66
900 1419 1800 2300 3 22 47
2079 8866 1800 2300 5 10 96
8923 2406 1800 2300 8 8 7
913 4521 1800 2300 2 6 62
2791 4762 1800 2300 8 14 83
1087 8494 1800 2300 5 12 52
8075 4168 1800 2300 6 4 2
4531 8756 1800 2300 5 23 33
4910 3986 1800 2300 8 14 72
6423 8603 1800 2300 1 25 14
1982 9019 1800 2300 3 7 66
2443 2025 1800 2300 6 5 41
2837 1790 1800 2300 8 29 52
1417 5223 1800 2300 6 25 98
7183 3585 1800 2300 2 29 8
4942 1022 1800 2300 5 31 57
3566 8623 1800 2300 1 24 8
7220 6412 1800 2300 3 5 48
629 8531 2100 2600 8 8 35
4797 7314 2100 2600 6 23 23
9125 7616 2100 2600 2 14 13
6872 6542 2100 2600 6 5 58
6509 3067 2100 2600 6 21 93
1521 3767 2100 2600 4 29 23
810 771 2100 2600 5 5 68
8340 2306 2100 2600 7 25 43
792 4460 2100 2600 5 24 52
255 9582 2100 2600 3 23 61
2158 3831 2100 2600 7 19 21
9931 7815 2100 2600 6 27 55
1389 2232 2100 2600 7 6 76
3391 5720 2100 2600 7 14 76
2853 6715 2100 2600 7 9 17
325 67 2100 2600 8 30 96
3891 2322 2100 2600 3 22 49
648 2608 2100 2600 3 8 48
9761 5145 2100 2600 4 18 83
6239 5588 2100 2600 1 1 16
2475 5441 2100 2600 5 26 21
5498 5632 2100 2600 4 24 88
5828 6484 2100 2600 1 31 32
6119 6325 2100 2600 5 27 11
8053 5168 2100 2600 2 25 97
6482 1802 2100 2600 5 7 2
2210 7915 2100 2600 7 26 70
6346 7516 2100 2600 8 24 64
5103 9904 2100 2600 1 4 71
6324 6402 2100 2600 3 17 66
6246 4547 2100 2600 2 30 97
4392 9172 2100 2600 7 22 4
9229 2535 2100 2600 3 11 99
1390 6856 2100 2600 2 21 4
3612 9728 2100 2600 2 22 19
5212 295 2100 2600 3 29 64
610 9815 2100 2600 8 29 94
616 8320 2100 2600 2 13 64
102 7872 2100 2600 1 32 81
9384 1229 2100 2600 3 4 30
3006 2509 2100 2600 2 32 5
2335 2855 2100 2600 1 9 97
4410 4284 2100 2600 4 8 77
8956 7091 2100 2600 1 31 16
24 3867 2100 2600 7 1 47
1285 7438 2100 2600 6 1 82
2601 1084 2100 2600 3 32 4
8645 508 2100 2600 8 27 39
2243 9178 2100 2600 1 29 72
2443 2624 2100 2600 4 6 55
5415 5085 2100 2600 1 31 90
7092 7195 2100 2600 4 9 65
2615 8504 2100 2600 5 24 24
4677 4805 2100 2600 3 16 30
4141 9402 2100 2600 8 3 78
4603 2199 2100 2600 8 12 14
9742 6876 2100 2600 4 11 96
7192 1898 2100 2600 8 12 58
2353 8468 2100 2600 7 17 61
647 6435 2100 2600 5 4 51
5219 7417 2100 2600 3 10 59
436 7499 2100 2600 2 2 84
694 6061 2100 2600 3 4 7
2408 3714 2100 2600 5 4 64
5134 1669 2100 2600 3 4 79
7713 2545 2100 2600 5 27 70
8748 4508 2100 2600 6 17 20
8919 6498 2100 2600 7 15 60
8640 8147 2100 2600 2 20 65
3403 1206 2100 2600 7 29 78
7599 7416 2100 2600 2 29 78
7943 6626 2100 2600 1 32 61
9854 5800 2100 2600 1 25 4
9354 6179 2100 2600 6 15 52
8879 3581 2100 2600 7 7 87
2415 2931 2100 2600 4 19 98
3250 3557 2100 2600 7 27 78
5780 2053 2100 2600 1 17 25
3434 969 2100 2600 1 20 11
2003 7013 2100 2600 6 12 94
7874 5216 2100 2600 8 24 100
421 801 2100 2600 7 13 15
4915 1980 2100 2600 5 12 46
5785 2516 2100 2600 2 3 79
4887 4816 2100 2600 4 5 4
9852 317 2100 2600 8 1 21
2393 740 2100 2600 5 15 49
3260 733 2100 2600 5 14 95
8790 4056 2100 2600 8 22 77
7678 7806 2100 2600 2 12 1
1955 6112 2100 2600 1 8 72
2357 5279 2100 2600 3 20 40
4921 240 2100 2600 7 21 17
3225 2299 2100 2600 7 9 45
8760 1925 2100 2600 6 9 80
6682 6604 2100 2600 1 1 88
4497 2760 2100 2600 1 10 54
2306 7927 2100 2600 8 17 58
9229 5128 2100 2600 2 25 59
7041 6549 2100 2600 1 17 60
9286 3396 2400 2900 1 22 100
650 800 2400 2900 4 13 29
2076 1537 2400 2900 3 11 97
8206 9083 2400 2900 6 20 63
8334 8258 2400 2900 4 3 57
5969 2608 2400 2900 3 1 44
4720 3982 2400 2900 1 2 2
7195 9248 2400 2900 8 30 81
9744 6710 2400 2900 3 15 41
9847 1254 2400 2900 2 17 74
54 6198 2400 2900 4 1 36
9988 5501 2400 2900 8 17 46
6515 1067 2400 2900 7 6 38
2210 7355 2400 2900 8 15 67
3774 1912 2400 2900 5 4 14
7165 8150 2400 2900 2 6 57
3324 2785 2400 2900 8 23 35
8158 6458 2400 2900 2 27 9
5388 492 2400 2900 3 1 49
8229 1479 2400 2900 8 18 19
4917 7691 2400 2900 4 14 36
4597 7550 2400 2900 7 18 24
7672 6224 2400 2900 6 11 98
9070 2522 2400 2900 2 22 60
4681 1404 2400 2900 4 17 28
8492 6240 2400 2900 1 4 81
6220 2237 2400 2900 3 20 92
9651 2001 2400 2900 4 17 43
1671 9018 2400 2900 8 25 71
2677 2498 2400 2900 2 15 93
3113 4686 2400 2900 5 32 6
2795 6225 2400 2900 5 19 57
6987 879 2400 2900 4 32 63
367 7140 2400 2900 8 23 51
6587 4398 2400 2900 4 3 10
6959 8028 2400 2900 6 27 30
8090 5179 2400 2900 6 21 45
6523 7140 2400 2900 7 22 89
8078 6328 2400 2900 1 20 43
4077 808 2400 2900 8 22 80
9833 2836 2400 2900 7 23 21
4765 6582 2400 2900 3 26 6
4268 5997 2400 2900 1 9 47
5285 6935 2400 2900 1 13 70
6695 1843 2400 2900 3 10 53
6670 8273 2400 2900 3 29 62
5408 4953 2400 2900 8 19 91
2032 1968 2400 2900 5 28 86
1552 7798 2400 2900 6 13 14
5134 1205 2400 2900 5 3 81
4995 5156 2400 2900 2 15 60
6982 9255 2400 2900 3 5 20
2447 228 2400 2900 1 15 32
962 6271 2400 2900 5 12 38
1130 503 2400 2900 1 14 92
4987 9418 2400 2900 8 4 46
6099 4642 2400 2900 2 23 25
8246 5032 2400 2900 6 24 53
5670 6258 2400 2900 4 23 36
5708 7294 2400 2900 1 11 40
835 3106 2400 2900 1 19 51
6113 6701 2400 2900 4 14 2
6805 962 2400 2900 1 22 93
7723 4769 2400 2900 6 24 94
1903 7656 2400 2900 8 23 75
5436 4466 2400 2900 3 1 39
5920 7075 2400 2900 5 3 61
6895 4422 2400 2900 3 9 51
8395 9012 2400 2900 1 14 99
3927 9424 2400 2900 5 1 92
9592 8097 2400 2900 8 6 19
7979 3757 2400 2900 2 10 69
9241 8304 2400 2900 7 29 51
2208 8008 2400 2900 4 11 16
5534 9211 2400 2900 7 5 4
6021 596 2400 2900 5 20 93
4558 1526 2400 2900 7 20 82
9656 298 2400 2900 5 5 9
3608 9592 2400 2900 1 8 81
5411 80 2400 2900 7 6 80
1026 5428 2400 2900 7 9 58
8408 8824 2400 2900 8 20 83
6760 1451 2400 2900 1 12 38
5541 8659 2400 2900 3 9 55
3462 4959 2400 2900 8 14 81
865 4306 2400 2900 6 24 73
4661 5372 2400 2900 7 2 8
8031 9167 2400 2900 6 14 44
4649 292 2400 2900 2 12 84
5241 6914 2400 2900 3 12 34
1943 2186 2400 2900 6 2 72
8325 7977 2400 2900 6 26 90
869 88 2400 2900 7 9 45
6746 7858 2400 2900 3 26 73
17 8189 2400 2900 2 14 93
4030 4633 2400 2900 5 5 82
4522 2408 2400 2900 2 2 31
313 3679 2400 2900 6 32 56
6857 8930 2400 2900 8 10 83
1322 5457 2400 2900 7 1 77
1436 1353 2700 3200 2 25 60
6508 9000 2700 3200 5 3 95
8242 4253 2700 3200 8 13 30
6811 9231 2700 3200 4 3 42
6733 2603 2700 3200 3 30 14
7102 3952 2700 3200 5 12 60
1501 4072 2700 3200 8 12 56
6478 8188 2700 3200 1 31 52
3144 9625 2700 3200 4 8 75
7116 4481 2700 3200 5 23 38
8519 1963 2700 3200 1 1 43
1430 5534 2700 3200 1 13 31
8540 3576 2700 3200 3 10 55
2233 1613 2700 3200 4 2 93
7919 5770 2700 3200 6 22 39
3092 7245 2700 3200 4 25 46
9382 856 2700 3200 6 23 28
1821 9914 2700 3200 2 27 31
7897 6645 2700 3200 2 2 85
4624 9662 2700 3200 7 14 65
7768 3792 2700 3200 6 24 80
1795 6186 2700 3200 1 5 31
3191 7462 2700 3200 7 16 88
1010 309 2700 3200 4 26 12
21 7456 2700 3200 5 7 79
1362 8092 2700 3200 5 27 39
4586 1904 2700 3200 6 6 20
5458 1481 2700 3200 2 28 94
504 9393 2700 3200 6 16 37
4134 3534 2700 3200 4 24 94
8173 4922 2700 3200 2 9 32
2222 6049 2700 3200 3 27 100
9724 3659 2700 3200 3 7 17
7266 1990 2700 3200 8 16 100
8407 9756 2700 3200 3 3 65
7609 6775 2700 3200 2 26 61
9275 1851 2700 3200 3 3 22
1793 8750 2700 3200 2 27 74
7046 9206 2700 3200 3 27 20
16 2644 2700 3200 7 15 19
7423 2338 2700 3200 3 8 89
2348 4040 2700 3200 3 16 22
6716 2721 2700 3200 3 9 17
7159 2095 2700 3200 2 9 93
4373 4903 2700 3200 2 10 50
1064 6608 2700 3200 5 28 71
2861 3063 2700 3200 6 29 34
2678 3242 2700 3200 8 17 64
7049 956 2700 3200 1 1 56
3353 9581 2700 3200 2 13 98
489 3513 2700 3200 5 27 37
9683 5782 2700 3200 1 27 82
5335 7280 2700 3200 1 16 78
4958 1332 2700 3200 5 30 28
3748 5028 2700 3200 5 17 38
160 2515 2700 3200 3 32 54
7165 3177 2700 3200 4 18 83
6237 2094 2700 3200 3 6 30
2309 9957 2700 3200 7 32 84
958 3431 2700 3200 1 28 35
674 8833 2700 3200 3 3 95
1972 1002 2700 3200 1 30 62
7117 7947 2700 3200 3 18 76
2949 5535 2700 3200 1 4 40
2015 3126 2700 3200 1 30 24
1787 9940 2700 3200 6 31 40
628 8576 2700 3200 8 29 81
4182 4953 2700 3200 2 19 63
4014 3598 2700 3200 4 6 59
7400 6849 2700 3200 5 23 41
3328 3526 2700 3200 2 23 46
9615 696 2700 3200 8 15 65
5956 9652 2700 3200 3 18 75
3466 3457 2700 3200 4 28 77
7773 6061 2700 3200 6 22 88
9613 1496 2700 3200 1 28 12
2508 6955 2700 3200 6 15 11
3962 584 2700 3200 3 9 18
823 9364 2700 3200 2 1 59
9937 5395 2700 3200 8 8 6
116 3469 2700 3200 2 1 71
8538 5454 2700 3200 8 31 65
3429 1392 2700 3200 5 19 66
514 6669 2700 3200 5 10 65
5765 9895 2700 3200 1 18 22
606 3391 2700 3200 3 22 57
8198 6555 2700 3200 2 23 16
9464 9254 2700 3200 6 14 86
7112 4616 2700 3200 4 10 6
7383 8871 2700 3200 8 20 5
2170 5133 2700 3200 6 11 81
833 4976 2700 3200 7 7 49
9943 8563 2700 3200 1 23 37
9136 5528 2700 3200 6 26 34
9574 9764 2700 3200 4 3 51
3167 7503 2700 3200 1 3 75
9013 9970 2700 3200 7 8 89
197 9097 2700 3200 2 7 3
6414 7844 2700 3200 4 18 46
812 3145 2700 3200 3 18 97
